-7905
-7716.53
-7531.1
-7348.73
-7169.41
-6993.14
-6819.92
-6649.75
-6482.63
-6318.56
-6157.54
-5999.58
-5844.66
-5692.8
-5543.98
-5398.22
-5255.51
-5115.85
-4979.24
-4845.68
-4715.17
-4587.71
-4463.31
-4341.95
-4223.64
-4108.39
-3996.19
-3887.03
-3780.93
-3677.88
-3577.88
-3480.93
-3387.03
-3296.19
-3208.39
-3123.64
-3041.95
-2963.31
-2887.71
-2815.17
-2745.68
-2679.24
-2615.85
-2555.51
-2498.22
-2443.98
-2392.8
-2344.66
-2299.58
-2257.54
-2218.56
-2182.63
-2149.75
-2119.92
-2093.14
-2069.41
-2048.73
-2031.1
-2016.53
-2005
-1995
-1985
-1975
-1965
-1955
-1945
-1935
-1925
-1915
-1905
-1895
-1885
-1875
-1865
-1855
-1845
-1835
-1825
-1815
-1805
-1795
-1785
-1775
-1765
-1755
-1745
-1735
-1725
-1715
-1705
-1695
-1685
-1675
-1665
-1655
-1645
-1635
-1625
-1615
-1605
-1595
-1585
-1575
-1565
-1555
-1545
-1535
-1525
-1515
-1505
-1495
-1485
-1475
-1465
-1455
-1445
-1435
-1425
-1415
-1405
-1395
-1385
-1375
-1365
-1355
-1345
-1335
-1325
-1315
-1305
-1295
-1285
-1275
-1265
-1255
-1245
-1235
-1225
-1215
-1205
-1195
-1185
-1175
-1165
-1155
-1145
-1135
-1125
-1115
-1105
-1095
-1085
-1075
-1065
-1055
-1045
-1035
-1025
-1015
-1005
-995
-985
-975
-965
-955
-945
-935
-925
-915
-905
-895
-885
-875
-865
-855
-845
-835
-825
-815
-805
-795
-785
-775
-765
-755
-745
-735
-725
-715
-705
-695
-685
-675
-665
-655
-645
-635
-625
-615
-605
-595
-585
-575
-565
-555
-545
-535
-525
-515
-505
-495
-485
-475
-465
-455
-445
-435
-425
-415
-405
-395
-385
-375
-365
-355
-345
-335
-325
-315
-305
-295
-285
-275
-265
-255
-245
-235
-225
-215
-205
-195
-185
-175
-165
-155
-145
-135
-125
-115
-105
-95
-85
-75
-65
-55
-45
-35
-25
-15
-5
5
15
25
35
45
55
65
75
85
95
105
115
125
135
145
155
165
175
185
195
205
215
225
235
245
255
265
275
285
295
305
315
325
335
345
355
365
375
385
395
405
415
425
435
445
455
465
475
485
495
505
515
525
535
545
555
565
575
585
595
605
615
625
635
645
655
665
675
685
695
705
715
725
735
745
755
765
775
785
795
805
815
825
835
845
855
865
875
885
895
905
915
925
935
945
955
965
975
985
995
1005
1015
1025
1035
1045
1055
1065
1075
1085
1095
1105
1115
1125
1135
1145
1155
1165
1175
1185
1195
1205
1215
1225
1235
1245
1255
1265
1275
1285
1295
1305
1315
1325
1335
1345
1355
1365
1375
1385
1395
1405
1415
1425
1435
1445
1455
1465
1475
1485
1495
1505
1515
1525
1535
1545
1555
1565
1575
1585
1595
1605
1615
1625
1635
1645
1655
1665
1675
1685
1695
1705
1715
1725
1735
1745
1755
1765
1775
1785
1795
1805
1815
1825
1835
1845
1855
1865
1875
1885
1895
1905
1915
1925
1935
1945
1955
1965
1975
1985
1995
2005
2015
2025
2035
2045
2055
2065
2075
2085
2095
2105
2115
2125
2135
2145
2155
2165
2175
2185
2195
2205
2215
2225
2235
2245
2255
2265
2275
2285
2295
2305
2315
2325
2335
2345
2355
2365
2375
2385
2395
2405
2415
2425
2435
2445
2455
2465
2475
2485
2495
2505
2515
2525
2535
2545
2555
2565
2575
2585
2595
2605
2615
2625
2635
2645
2655
2665
2675
2685
2695
2705
2715
2725
2735
2745
2755
2765
2775
2785
2795
2805
2815
2825
2835
2845
2855
2865
2875
2885
2895
2905
2915
2925
2935
2945
2955
2965
2975
2985
2995
3005
3015
3025
3035
3045
3055
3065
3075
3085
3095
3105
3115
3125
3135
3145
3155
3165
3175
3185
3195
3205
3215
3225
3235
3245
3255
3265
3275
3285
3295
3305
3315
3325
3335
3345
3355
3365
3375
3385
3395
3405
3415
3425
3435
3445
3455
3465
3475
3485
3495
3505
3515
3525
3535
3545
3555
3565
3575
3585
3595
3605
3615
3625
3635
3645
3655
3665
3675
3685
3695
3705
3715
3725
3735
3745
3755
3765
3775
3785
3795
3805
3815
3825
3835
3845
3855
3865
3875
3885
3895
3905
3915
3925
3935
3945
3955
3965
3975
3985
3995
4005
4015
4025
4035
4045
4055
4065
4075
4085
4095
4105
4115
4125
4135
4145
4155
4165
4175
4185
4195
4205
4215
4225
4235
4245
4255
4265
4275
4285
4295
4305
4315
4325
4335
4345
4355
4365
4375
4385
4395
4405
4415
4425
4435
4445
4455
4465
4475
4485
4495
4505
4515
4525
4535
4545
4555
4565
4575
4585
4595
4605
4615
4625
4635
4645
4655
4665
4675
4685
4695
4705
4715
4725
4735
4745
4755
4765
4775
4785
4795
4805
4815
4825
4835
4845
4855
4865
4875
4885
4895
4905
4915
4925
4935
4945
4955
4965
4975
4985
4995
5005
5018.1
5037.41
5062.93
5094.66
5132.59
5176.72
5227.07
5283.62
5346.38
5415.34
5490.52
5571.9
5659.48
5753.28
5853.28
5959.48
6071.9
6190.52
6315.34
6446.38
6583.62
6727.07
6876.72
7032.59
7194.66
7362.93
7537.41
7718.1
7905